1, 29824;
2, 42706;
3, 55941;
4, 69176;
5, 80647;
6, 98294;
7, 118588;
8, 128294;
9, 146824;
10, 186882;
11, 193059;
12, 213529;
13, 230647;
14, 241235;
15, 255706;
16, 255706 reset-seek 11798;
17, 41674;
18, 66289;
19, 89879;
20, 112443;
21, 127429;
22, 155037;
23, 170332;
24, 183867;
25, 216800;
26, 237384;
27, 237384 reset-seek 10686;
28, 22559;
29, 40765;
30, 66094;
31, 89050;
32, 102110;
33, 117941;
34, 130211;
35, 141292;
36, 155749;
37, 165831;
38, 165831 reset-seek 27859;
39, 53232;
40, 69153;
41, 95521;
42, 120396;
43, 141292;
44, 167162;
45, 199944;
46, 221723;
47, 221723 reset-seek 11538;
48, 18881;
49, 49301;
50, 65734;
51, 82517;
52, 97902;
53, 107517;
54, 118007;
55, 128322;
56, 143182;
57, 155070;
58, 167308;
59, 184790;
60, 194406;
61, 204895;
62, 216259;
63, 230358;
64, 237368;