1, 111817 1 1 10 1click 1 10;
2, 208347;
3, 208347 reset-seek 3529 3 1 10 3click 1 10 1click 0 10;
4, 58588 1 0 20000;
5, 64588;
6, 69882;
7, 76235;
8, 83294;
9, 97412;
10, 106235;
11, 122118;
12, 132353;
13, 143647;
14, 157412;
15, 0 3 0 8000 3click 0 10 15 1 10;
16, 0 16 1 10;
17, 0 17 1 10;
18, 0 18 1 10;
19, 0 19 1 10;
20, 0 20 1 10;
21, 0 16 0 10 21 1 10;
22, 3809 22 1 10 22click 1 10;
23, 80000 15 0 3000 17 0 3000 18 0 3000 19 0 3000 20 0 3000 21 0 10;
24, 118095;
25, 249706;
26, 0 22 0 8000 22click 0 10 26 1 10;
27, 0 27 1 10;